1.922042733535974435e+00,-3.244954797519048473e+00,5.765959004530070160e+03
-1.238820965345775349e+00,8.643898750565419675e-01,-1.252818697780534940e+01
8.159404646071588552e-01,2.524207395666261178e+00,-1.637827726776059535e+03
2.394466571595112114e+00,-3.241271598914848617e+00,5.739699975537419050e+03
2.522442590591271738e-01,4.341952208325198015e+00,-2.468986173010562561e+04
-1.163967174711260100e-01,4.476522252344036445e+00,-2.876156817898950612e+04
1.213171852989985311e+00,-4.199333531920101947e-01,4.435688976566033226e+00
-1.147084116251976704e+00,-3.456667721114591529e+00,7.892286662858380623e+03
5.994704983154104383e-01,-4.749098109003277557e+00,3.865280359027109807e+04
2.212293150452347312e+00,-9.672965476357919812e-01,2.856651698233696735e+01
-4.960014304397046825e-01,5.174858861689459744e-01,-2.465912571171531731e+00
1.363145983832754204e+00,-4.886563776675227899e+00,4.458376861268011999e+04
4.052955932094493008e-02,3.086247522495876083e+00,-4.479477418849991409e+03
8.841032467711196219e-01,-1.181526790708089525e+00,3.992127001911374862e+01
1.409898902879282101e+00,-3.321915092739562425e+00,6.477350529015414395e+03
2.655903728996416469e+00,1.524714405982301457e+00,-1.108200999140118768e+02
3.498603818627987749e-01,4.793349932450928108e+00,-4.048541296047210926e+04
5.134886080498834993e-01,1.053478863130274945e+00,-2.058695274310616341e+01
2.805064328327354417e+00,2.491079583816658172e+00,-1.511365517743753117e+03
2.362679661412424359e+00,4.393068439620801513e+00,-2.616260279333362996e+04
5.668446419646304690e-01,3.449134915753512942e+00,-7.808450105017112946e+03
1.277118482504495667e+00,4.938057337637339117e+00,-4.697348032177575806e+04
1.173462029480518254e+00,2.845867741773503212e+00,-2.983163174257925220e+03
6.952605522472401489e-01,-4.381564564537043793e+00,2.583935908785346328e+04
1.764370869371321149e+00,-4.474237192440565281e+00,2.869626445793908715e+04
-1.198235932589062802e+00,9.197117158059686659e-01,-1.514394450766866207e+01
1.614148362677203963e+00,3.666615420033863870e+00,-1.059634903324252264e+04
-1.721984602188975089e-01,-2.948773329091546103e+00,3.567450820652574293e+03
-4.807435953207406243e-02,-2.289448900518270769e+00,1.007280848709426209e+03
2.707153693640245606e+00,-2.733157789489000233e+00,2.462354361799618800e+03
2.239148676571175223e+00,2.136921682503441389e+00,-6.998923528821585478e+02
-9.518236316825661181e-01,-9.380651137215263446e-01,9.583388055776399739e+00
-1.106524267634432235e-01,-2.210471306301916350e+00,8.451530013175960221e+02
2.136961864056963201e+00,2.641737212849044170e+00,-2.046879059748828240e+03
1.977649473513802381e+00,2.536522314626613372e+00,-1.670329387112029963e+03
-1.768550179454632554e+00,4.719171011289425621e+00,-3.745710312006666209e+04
9.787548723595964617e-01,-1.679118545781922656e+00,2.172208486373658900e+02
1.800610783468482801e+00,3.774064087534302558e+00,-1.224200483112051552e+04
-9.598732815480293112e-02,-9.651065081333607409e-01,1.368511121167245292e+01
-9.188626048996062501e-01,1.889093744045658774e+00,-3.881996169272137536e+02
9.223956113929565603e-02,1.429071233300057919e+00,-9.612796854181563333e+01
1.821084537053771157e+00,4.256943425663084923e+00,-2.235761977548108916e+04
9.305306240285138308e-01,-4.239617230355019473e-02,2.344701455656635236e+00
5.676176325315447357e-01,3.357438935416013237e+00,-6.824071997926171207e+03
-6.721639748983307960e-01,-1.090519873412028051e+00,2.371623705599536436e+01
-2.662616098694003952e-02,-1.163435700294010999e-01,-3.940191868287235555e-01
2.275571748293168994e+00,2.627616202523439526e-01,1.538592841408015488e+01
1.830537434367686345e+00,3.502025918140169836e+00,-8.418967749282293880e+03
1.224974198011716808e-01,4.666045599196241511e+00,-3.538756158575201698e+04
2.349471869642370869e+00,-4.374044510659586216e+00,2.563233229093862246e+04
-5.950206312319572532e-03,4.469160217763157306e+00,-2.852560946624738062e+04
-1.281217436934171561e+00,3.858892799780536009e+00,-1.369467564895923169e+04
-6.315195924453436138e-01,3.504665336034680223e+00,-8.460487460374932198e+03
-8.553724511854370327e-01,4.833035522678390095e+00,-4.219239012517719675e+04
2.294500337087227670e+00,3.351411094120965828e+00,-6.750394161211886967e+03
8.408127410716463856e-01,-1.513381330356643240e+00,1.300743753694137865e+02
1.188909974298794303e+00,-2.905163505570548033e+00,3.315203332584744203e+03
-5.108725209044262527e-03,1.970237779076629003e+00,-4.756810032901634031e+02
3.283535844077869470e-01,-4.339255626112191955e+00,2.461479862342405613e+04
2.750346087307327103e+00,-3.302260293812234515e+00,6.305505468996650052e+03
-1.424966548691836588e+00,-2.792252813027174874e+00,2.710716508076903665e+03
2.160386087212680550e+00,-3.470840350465609347e+00,8.071328431512268253e+03
5.345870416173124084e-01,1.355986838945719697e-01,7.020911558003433139e-01
1.556598982288840638e+00,2.173485751501729624e+00,-7.705732234358249571e+02
-1.077873275116923324e+00,4.198343665951130177e+00,-2.087175271379353580e+04
-3.800243179103177660e-01,2.819514163958825037e-01,-1.478798818951750693e+00
9.653089709276949648e-01,-4.682664521066374874e+00,3.602524182712660695e+04
-1.533258543426752496e+00,-1.557918923889802798e-01,-5.858924959311988090e+00
-4.181977081996517409e-01,3.660910542656610644e+00,-1.052130974827315913e+04
2.060419698107212483e+00,3.329735628951929982e+00,-6.537651014619897978e+03
1.670335129742969382e+00,-2.966927744824844559e+00,3.685600460665353239e+03
2.759473096655919555e+00,4.690016667357042479e+00,-3.628212330451451271e+04
-6.136430794046887627e-02,4.349246469238167379e+00,-2.489859711207867076e+04
9.373732763232323073e-01,9.394417972392155036e-01,-9.997094684279087318e+00
-8.159252101233454013e-01,-3.705979414838416197e+00,1.118264673158349797e+04
-2.620602596910086568e-01,4.770358193984176154e+00,-3.952494969591355039e+04
1.991672428358572500e+00,-3.414122153036264429e+00,7.431943468131536065e+03
1.473338285908920575e+00,3.463044354446033424e+00,-7.963258412809877882e+03
2.998137850674412519e+00,-2.543974926368991696e+00,1.733948497628610085e+03
-1.876848148488570622e+00,2.727167217326654125e+00,-2.423872776650383457e+03
2.663294834506156228e+00,4.175144070905217220e+00,-2.027702026720426875e+04
-8.461511836048662971e-01,1.879549099683881508e+00,-3.782791275207073909e+02
3.329530375177705004e-01,3.332473054242118593e+00,-6.574590905551406649e+03
9.168551307164456432e-01,-1.164751968268751270e-01,2.349207802402552225e+00
2.724314253663452590e+00,-2.100120418333192518e+00,6.770536639707803488e+02
-6.306000769553203877e-01,-3.398990587069746994e+00,7.257521527997490921e+03
-1.355417526977232168e+00,2.223464124585936119e+00,-8.750415491879433603e+02
1.406999041760370162e+00,-1.006523760271705648e+00,2.248818597234181738e+01
-5.336485321390349590e-02,3.497249631363160915e+00,-8.369909872648897363e+03
-3.111638226975652621e-01,3.998733016240578308e+00,-1.635776276079078343e+04
-4.115550497906461658e-02,-4.511673001308320607e+00,2.990855545411656931e+04
2.042532209942821808e+00,3.405795931617404904e+00,-7.320728129214444380e+03
-5.744342587158821622e-01,-3.619154896620373485e+00,9.933331148414155905e+03
1.888959758631955310e+00,-3.219148764988535305e+00,5.540341574939036036e+03
-1.417677031740310678e+00,-4.835141434482348899e+00,4.227687399289804307e+04
1.515345643327133729e+00,-3.447015179507983973e+00,7.791991055709106149e+03
9.306302912480433065e-01,1.335202397389116946e+00,-6.628249848715690007e+01
3.546839562663128831e-01,-2.906866044102342173e+00,3.322177737350305961e+03
-1.831167743420511362e+00,4.625896786273814953e+00,-3.390027407810025034e+04
-6.833637769852312083e-01,7.404397533368092255e-01,-6.042540458023030858e+00
